970508 | 1.43|  381| 19|179.1| 7.6|97.6|4.1
970508 | 4.86|  780| 13| 57.6| 0.9|31.4|0.5
970508 | 8.46|  958| 11| 37.2| 0.4|20.3|0.2
970828 | 8.46|  144| 31|  7.8| 1.8| 4.0|0.9
980329 | 4.86|  171| 14| 91.5|11.3|22.9|2.8
980329 | 8.46|  332| 11| 33.5| 1.4| 8.4|0.4
980425 | 1.38|22260|195| 47.1| 0.5|46.7|0.5
980425 | 2.5 |31621|265| 32.7| 0.3|32.4|0.3
980425 | 4.8 |38362|337| 18.3| 0.1|18.1|0.1
980425 | 8.64|39360|557| 12.7| 0.1|12.6|0.1
980519 | 4.86|  330| 47| 17.9| 2.4|    |   
980519 | 8.46|  205| 23| 12.6| 1.3|    |   
980703 | 1.43|  263| 81| 25.4| 5.5|12.9|2.8
980703 | 4.86| 1055| 30|  9.1| 0.2| 4.6|0.1
980703 | 8.46| 1370| 30| 10. | 0.2| 5.1|0.1
981226 | 8.46|  137| 34|  8.2| 1.6| 3.9|0.8
990510 | 8.46|  255| 34|  4.2| 0.5| 1.6|0.2
991208 | 1.43|  263| 49|  8.9| 1.8| 5.2|1.1
991208 | 4.86|  845| 48| 12.8| 0.6| 7.5|0.4
991208 | 8.46| 1804| 24|  7.8| 0.1| 4.6|0.1
000301C| 8.46|  520| 24| 14.1| 0.5| 4.6|0.2
000418 | 4.86|  897| 39| 27. | 1. |12.7|0.5
000418 | 8.46| 1085| 22| 18.1| 0.3| 8.5|0.1
000911 | 8.46|  263| 33|  3.1| 0.3| 1.5|0.1
000926 | 4.86|  460| 31| 16.9| 1.5| 5.6|0.5
000926 | 8.46|  629| 24| 12.1| 0.5| 4.0|0.2
001018 | 8.46|  590| 68|  4.7| 0.6|    |   
010222 | 8.46|   93| 25| 16.8| 3.5| 6.8|1.4
010921 | 4.86|  161| 20| 31.5| 3.3|21.7|2.3
011030 | 4.86|  121| 19| 19.4| 2.5|    |   
011030 | 8.46|  139|  9| 23.7| 1.4|    |   
011121 | 8.7 |  655| 40|  8.1| 0.7| 5.9|0.5
011211 | 8.46|  162| 13| 13.2| 1.6| 4.2|0.5
020405 | 8.46|  113| 17| 18.2| 3.7|10.8|2.2
020819B| 8.46|  291| 21| 12.2| 1.1| 8.7|0.8
020903 | 4.86|  782| 28| 36.7| 1.3|29.4|1.0
021004 | 4.86|  470| 26| 32.2| 1.4| 9.7|0.4
021004 | 8.46|  780| 23| 18.7| 0.5| 5.6|0.2
021004 |15.  | 1308|260|  4.1| 0.8| 1.2|0.2
021004 |22.5 | 1614| 52|  8.7| 0.3| 2.6|0.1
021206 | 4.86|  480| 69|  7. | 0.8|    |   
030226 | 8.46|  171| 23|  6.7| 1. | 2.2|0.3
030329 | 1.43| 2232| 30| 78.6| 2.1|67.3|1.8
030329 | 4.86|10337| 33| 32.9| 0.1|28.2|0.1
030329 | 8.46|19567| 28| 17.3| 0.1|14.8|0.1
030329 |15.  |34042| 84| 10.9| 0.1| 9.3|0.1
030329 |22.5 |49596| 66|  8.4| 0.1| 7.2|0.1
030329 |43.  |59318|177|  5.8| 0.1| 5.0|0.1
030723 | 8.46|  204| 40| 75. |10.6|    |   
031203 | 1.43|  929| 60| 65.5| 5.3|59.3|4.8
031203 | 4.86|  828| 28| 58.4| 2.1|52.9|1.9
031203 | 8.46|  724| 19| 48. | 1.3|43.4|1.2
041219A| 4.86|  473| 28|  6.3| 0.9|    |   
050416A| 4.86|  485| 36| 48.5| 3.5|29.4|2.1
050416A| 8.46|  373| 36| 49. | 3.6|29.7|2.2
050509C| 8.46|  344| 45| 44.1| 5.7|    |   
050603 | 8.46|  377| 53| 14.1| 1.8| 3.7|0.5
050713B| 4.86|  424| 34| 21. | 2.2|    |   
050713B| 8.46|  343| 24| 14.1| 0.9|    |   
050820A| 8.46|  150| 31|  9.4| 1.9| 2.6|0.5
050904 | 8.46|   76| 14| 35.3| 1.5| 4.8|0.2
051022 | 8.46|  268| 32|  5.2| 0.7| 2.9|0.4
060218 | 4.86|  245| 50|  3.8| 0.7| 3.7|0.7
060218 | 8.46|  471| 83|  2. | 0.3| 1.9|0.3
070125 | 8.46| 1028| 16| 84.1| 2. |33.0|0.8
070125 |15.  | 1250| 81| 18.6| 1.4| 7.3|0.5
070125 |22.5 | 1778| 75| 13.6| 0.5| 5.3|0.2
070612A| 4.86|  580| 20|140.3| 5.8|86.8|3.6
070612A| 8.46| 1028| 16| 84.1| 2. |52.0|1.2
071003 | 8.46|  616| 57|  6.5| 0.5| 2.5|0.2
071010B| 4.86|  227|114| 12.5| 4.4| 6.4|2.3
071010B| 8.46|  341| 41|  4.2| 0.5| 2.2|0.3
080603A| 8.46|  207| 26|  5.2| 1.8| 1.9|0.7
081221 | 8.46|  174| 27|  8.9| 1.7|    |   
090313 | 8.46|  435| 22|  9.4| 0.5| 2.1|0.1
090323 | 8.46|  243| 13| 15.6| 1. | 3.4|0.2
090328 | 8.46|  686| 26| 16.1| 0.7| 9.3|0.4
090423 | 8.46|   50| 11| 33.1| 6.3| 3.6|0.7
090424 | 8.46|  236| 37|  5.2| 0.7| 3.4|0.5
090715B| 8.46|  191| 36|  9.2| 2.3| 2.3|0.6
090902B| 8.46|   84| 16| 14.1| 2.6| 4.9|0.9
091020 | 8.46|  399| 21| 10.9| 0.6| 4.0|0.2
100414A| 8.46|  524| 19|  8. | 0.3| 3.4|0.1
100418A| 4.86|  522| 83| 70.3| 8.1|43.4|5.0
100418A| 8.46| 1218| 12| 47.6| 0.6|29.4|0.4
100814A| 4.5 |  496| 24| 13. | 1. | 5.3|0.4
100814A| 7.9 |  613| 23| 10.4| 0.4| 4.3|0.2
990510 | 4.86|  177|   |  9.2|    | 3.5|   
991208 |15.  | 3100|   |  5.4|    | 3.2|   
991216 | 4.86|  126|   | 17.4|    | 8.6|   
991216 |15.  | 1100|   |  1.3|    | 0.6|   
000131 | 8.7 |  207|   | 10.8|    | 2.0|   
000210 | 8.46|   93|   |  8.6|    | 4.6|   
000301C| 4.86|  240|   |  4.3|    | 1.4|   
000301C|15.  |  660|   |  3.6|    | 1.2|   
000301C|22.5 |  884|   |  4.3|    | 1.4|   
000418 |15.  | 1350|   | 12.3|    | 5.8|   
000418 |22.5 | 1100|   | 14.6|    | 6.9|   
000911 | 4.86|   71|   | 11.1|    | 5.4|   
000926 |15.  |  820|   |  4.7|    | 1.5|   
000926 |22.5 | 1415|   |  7.2|    | 2.4|   
001007 | 8.46|  222|   |  7.1|    |    |   
010222 | 4.86|  144|   |  2.3|    | 0.9|   
010921 |22.5 |  330|   | 25.9|    |17.9|   
010921 | 8.46|  229|   | 27. |    |18.6|   
011121 | 4.8 |  510|   |  6.9|    | 5.1|   
020305 | 8.46|   76|   | 22.9|    |    |   
020903 | 1.43|  294|   | 91. |    |72.8|   
020903 | 8.46| 1058|   | 23.8|    |19.0|   
021206 | 8.46|  137|   | 68.6|    |    |   
030115A| 4.9 |   89|   |  6. |    | 1.7|   
030115A| 8.46|   83|   |  7.3|    | 2.1|   
030226 |22.5 |  328|   | 74. |    |24.8|   
030227 | 8.46|   64|   |  6.6|    |    |   
030323 |22.5 |  530|   |  3.5|    | 0.8|   
030418 | 8.46|   69|   | 27.7|    |    |   
030723 | 4.86|  217|   | 77.9|    |    |   
031203 |22.5 |  483|   | 13.5|    |12.2|   
050401 | 8.46|  122|   |  5.7|    | 1.5|   
050525A| 8.46|  164|   | 13.5|    | 8.4|   
050603 | 4.86|  196|   |  6.5|    | 1.7|   
050730 | 8.46|  212|   |  9.1|    | 1.8|   
050824 | 8.46|  152|   |  7.4|    | 4.0|   
051022 | 4.86|  209|   | 57. |    |31.5|   
060116 | 8.46|  363|   | 28. |    |    |   
060218 | 1.43|  198|   |  4.9|    | 4.7|   
060218 |22.5 |  250|   |  3. |    | 2.9|   
060418 | 8.46|  216|   |  4.3|    | 1.7|   
070125 | 4.86|  308|   | 27.9|    |11.0|   
071003 | 4.86|  224|   |  3.8|    | 1.5|   
071020 | 8.46|  141|   |  3.2|    | 1.0|   
081203B| 8.46|  162|   |  7. |    |    |   
081221 | 4.86|  142|   | 14.4|    |    |   
090313 | 4.86|  361|   |  7.9|    | 1.8|   
100413A| 8.46|   80|   |  8.8|    |    |   
100414A| 4.86|  420|   | 38. |    |16.0|   
100901A| 4.5 |  331|   |  4.9|    | 2.0|   
100901A| 7.9 |  440|   |  4.9|    | 2.0|   
100901A|33.6 |  378|   | 11.9|    | 4.4|   
100906A| 8.46|  215|   |  5. |    | 1.8|   
