GRB071227A XRT 267.48 -46.75 110.20 209.59 cstat  -2.11 0.35 0.27  1.40 5.36E-06 0.54E-06 6.34E-06 0.63E-06
GRB080212B IPN 200.76  27.06  78.51 209.05 pgstat -3.20 0.22 0.20  0.97 2.78E-06 0.28E-06 6.68E-06 0.67E-06
GRB080303B IPN   3.86  -1.11  90.27 270.27 chi    -2.71 0.28 0.24  0.93 5.48E-06 0.55E-06 4.21E-05 0.42E-05
GRB080319C XRT  83.33  35.44  84.38 342.10 chi    -2.10 0.55 0.39  1.19 6.40E-06 0.64E-06 7.16E-06 0.72E-06
GRB080328A XRT 161.85   6.17 155.52  20.63 chi    -1.67 0.33 0.27  1.14 1.90E-06 0.19E-06 2.29E-05 0.23E-05
GRB080407A IPN 249.13  78.50  62.56 267.28 chi    -2.87 0.29 0.26  1.58 2.48E-06 0.25E-06 2.61E-05 0.26E-05
GRB080507B IPN  90.47  31.57  10.34   0.26 cstat  -3.29 2.02 0.83  0.88 2.92E-06 0.29E-06 2.80E-07 0.28E-07
GRB080514B SA   54.58 -34.45  37.61  86.44 chi    -1.65 0.11 0.10  1.40 4.92E-06 0.49E-06 2.36E-05 0.24E-05
GRB080528A IPN 176.18  -7.39  93.58   4.72 cstat  -2.16 0.34 0.25  0.98 2.92E-05 0.29E-05 3.50E-06 0.35E-06
GRB080530A IPN 288.15  62.08 126.21 269.99 cstat  -2.09 0.20 0.15  1.18 1.45E-05 0.14E-05 5.82E-06 0.58E-06
GRB080607A XRT 313.16  78.63 113.63 331.24 chi    -2.66 0.24 0.19  1.64 6.18E-06 0.62E-06 2.97E-05 0.30E-05
GRB080609A IPN   0.38   4.87  93.72 108.79 chi    -3.50 0.13 0.13  1.25 1.41E-05 0.14E-05 1.44E-04 0.14E-04
GRB080611A IPN 184.96 -44.01 126.29 269.87 cstat  -2.31 0.14 0.12  0.74 5.90E-05 0.59E-05 2.59E-06 0.26E-06
GRB080613B XRT 271.86  51.11  38.88  90.70 chi    -1.91 0.30 0.21  1.05 1.58E-06 0.16E-06 1.49E-05 0.15E-05
GRB080709A IPN 353.93  19.61  62.06  18.42 chi    -3.14 0.29 0.25  1.02 2.16E-06 0.22E-06 2.27E-05 0.23E-05
GRB080714A XRT 300.57   2.51  13.39  14.47 chi    -2.00 0.58 0.28  1.25 1.30E-06 0.13E-06 7.50E-06 0.75E-06
GRB080715A GBM 357.17  63.15  65.90  67.12 cstat  -2.27 0.92 0.46  1.38 1.75E-06 0.18E-06 7.30E-07 0.73E-07
GRB080721A XRT 345.39  40.49  48.61  64.21 chi    -2.52 0.19 0.16  1.03 3.04E-06 0.30E-06 2.49E-05 0.25E-05
GRB080723B INT 295.03   1.65  13.21  19.54 chi    -3.28 0.60 0.39  1.04 6.58E-07 0.66E-07 1.86E-05 0.19E-05
GRB080723D GBM 144.10  26.34 134.13 176.69 chi    -2.78 0.45 0.34  0.97 9.22E-07 0.92E-07 3.50E-05 0.35E-05
GRB080726A SA  133.97 -48.31  24.12 336.21 chi    -1.40 0.07 0.08  1.78 5.62E-06 0.56E-06 7.20E-05 0.72E-05
GRB080727B XRT  31.23   5.87 100.99 322.27 cstat  -2.19 3.97 0.69  1.11 2.08E-06 0.21E-06 1.60E-06 0.16E-06
GRB080817A GBM 253.22  29.14  60.35  65.50 chi    -2.56 0.26 0.22  1.42 1.96E-06 0.20E-06 1.46E-05 0.15E-05
GRB080825C LAT   0.69  39.23  75.61  79.73 chi    -1.60 0.13 0.12  1.63 7.20E-06 0.72E-06 2.63E-05 0.26E-05
GRB080905A XRT  17.98 -12.61 138.67 205.29 cstat  -2.28 1.81 0.52  1.20 1.98E-06 0.20E-06 1.59E-06 0.16E-06
GRB080906B GBM 285.28  55.09 111.25 101.76 chi    -1.82 0.30 0.23  1.21 5.24E-06 0.52E-06 1.16E-05 0.12E-05
GRB080916C XRT 270.15 -13.76  90.51  15.20 chi    -2.24 0.42 0.30  0.79 4.52E-06 0.45E-06 8.56E-05 0.86E-05
GRB080918A IPN 136.23 -47.93 119.13 251.37 chi    -2.75 0.28 0.23  1.05 4.76E-06 0.48E-06 1.10E-05 0.11E-05
GRB081001A XRT  22.28   1.54  20.55 336.46 cstat  -1.60 0.20 0.20  0.90 3.54E-06 0.35E-06 4.08E-06 0.41E-06
GRB081003C GBM  59.05  33.81  67.68 171.66 chi    -2.21 0.36 0.27  0.99 3.14E-06 0.31E-06 1.00E-05 0.10E-05
GRB081004A IPN  46.09  -7.09  38.25 238.24 cstat  -2.32 0.29 0.23  0.68 1.09E-05 0.11E-05 6.98E-07 0.70E-07
GRB081102B LAT  30.24  60.14  63.90 215.04 chi    -1.41 0.07 0.08  1.35 6.60E-06 0.66E-06 4.01E-05 0.40E-05
GRB081110A GBM 197.18  17.08 122.89 216.79 chi    -1.92 0.10 0.09  1.64 9.90E-06 0.99E-06 7.35E-05 0.73E-05
GRB081121A XRT 269.50 -29.99 140.67   0.55 chi    -1.49 0.08 0.08  1.51 4.82E-06 0.48E-06 4.69E-05 0.47E-05
GRB081203B XRT  73.54  56.49  68.91 233.46 chi    -2.68 2.76 1.58  0.85 4.58E-07 0.46E-07 9.63E-06 0.96E-06
GRB081207A GBM 144.96  28.62  71.81 195.68 chi    -2.11 0.22 0.17  1.10 1.42E-06 0.14E-06 5.47E-05 0.55E-05
GRB081209A GBM 150.06  18.23  69.80 178.84 cstat  -3.07 0.98 0.55  1.00 3.24E-06 0.32E-06 6.24E-07 0.62E-07
GRB081215A GBM 185.48 -12.49  89.48 122.73 chi    -2.25 0.22 0.17  1.69 1.74E-05 0.17E-05 3.62E-05 0.36E-05
GRB081222A XRT 254.70 -79.02  88.13  80.82 chi    -2.48 1.35 0.78  1.26 2.58E-06 0.26E-06 1.37E-05 0.14E-05
GRB081224A XRT 115.66  41.76  56.80 228.87 chi    -2.92 0.34 0.28  1.11 1.83E-06 0.18E-06 4.80E-06 0.48E-06
GRB090102A XRT 189.85  34.66  94.05 259.30 chi    -1.42 0.27 0.23  0.90 1.02E-05 0.10E-05 9.39E-05 0.94E-05
GRB090112B GBM 286.62  88.20 109.47  67.46 chi    -1.30 0.11 0.13  1.80 7.72E-06 0.77E-06 3.12E-04 0.31E-04
GRB090131A GBM  98.48 -37.74  49.93  83.24 cstat  -3.32 1.97 0.98  3.06 2.08E-06 0.21E-06 9.32E-07 0.93E-07
GRB090225A GBM 115.88  -1.07  18.74  49.93 cstat  -2.00 1.09 0.37  0.83 2.88E-06 0.29E-06 5.53E-07 0.55E-07
GRB090228A LAT 236.40  -7.58 110.83 232.43 cstat  -3.02 0.33 0.27  0.45 2.58E-05 0.26E-05 8.24E-07 0.82E-07
GRB090305B GBM 139.08  34.55 125.46 334.06 cstat  -2.71 0.50 0.36  1.41 5.62E-06 0.56E-06 3.15E-06 0.32E-06
GRB090328A BAT 248.61 -26.38 108.48 181.90 chi    -1.87 0.25 0.18  1.39 3.94E-06 0.39E-06 9.10E-05 0.91E-05
GRB090328B GBM 154.65 -28.49 131.50  75.19 cstat  -2.06 0.22 0.18  0.94 1.54E-05 0.15E-05 9.86E-07 0.99E-07
GRB090401B XRT 217.48 -10.95  41.51 300.63 chi    -2.17 0.10 0.09  0.93 5.14E-06 0.51E-06 2.30E-05 0.23E-05
GRB090410A BAT  77.51 -33.76  54.09  80.03 chi    -3.49 2.45 1.09  0.93 3.92E-07 0.39E-07 1.94E-06 0.19E-06
GRB090426C GBM 212.63 -22.28 142.57 154.24 chi    -1.64 0.26 0.27  1.04 2.62E-06 0.26E-06 5.44E-06 0.54E-06
GRB090427A LAT 354.25  31.72  71.35 236.77 chi    -2.24 0.10 0.09  1.50 8.88E-06 0.89E-06 1.02E-05 0.10E-05
GRB090510A BAT  24.62 -55.07  61.41 145.08 chi    -1.99 0.65 0.28  2.06 6.20E-05 0.62E-05 7.69E-06 0.77E-06
GRB090528B GBM  75.84  -8.16  27.79  34.65 chi    -1.81 0.50 0.24  1.20 1.06E-06 0.11E-06 2.16E-05 0.22E-05
GRB090531B XRT 347.22   5.75  81.70 347.27 cstat  -2.06 0.53 0.34  1.03 2.70E-06 0.27E-06 1.72E-06 0.17E-06
GRB090610A GBM 173.51   1.85  83.73 203.02 cstat  -3.37 3.31 1.05  1.47 3.84E-06 0.38E-06 2.95E-06 0.30E-06
GRB090612A GBM 186.88 -10.17  91.57 234.79 chi    -1.49 1.30 1.00  2.36 4.30E-05 0.43E-05 5.36E-05 0.54E-05
GRB090617A GBM 187.50 -13.01  90.85 359.06 cstat  -3.20 1.35 0.70  0.30 2.00E-05 0.20E-05 8.84E-07 0.88E-07
GRB090618A XRT 110.38  24.33  38.43 359.83 chi    -2.80 0.29 0.25  1.29 9.50E-07 0.95E-07 4.23E-05 0.42E-05
GRB090704B GBM  61.89   0.70  51.11 359.63 chi    -2.73 0.30 0.25  1.25 1.06E-06 0.11E-06 4.67E-05 0.47E-05
GRB090709A BAT  91.81  20.13  48.22 359.63 chi    -2.95 0.60 0.42  0.87 5.18E-07 0.52E-07 1.51E-05 0.15E-05
GRB090717A GBM 271.76 -28.62 153.76 179.28 chi    -1.67 0.17 0.16  1.04 4.76E-06 0.48E-06 7.62E-06 0.76E-06
GRB090717B GBM  40.65  41.19  68.06  27.67 cstat  -2.67 1.24 0.61  0.88 1.53E-06 0.15E-06 8.58E-07 0.86E-07
GRB090719A GBM 319.17 -45.08 133.13 192.77 chi    -3.60 0.35 0.30  0.96 2.88E-06 0.29E-06 1.18E-05 0.12E-05
GRB090720B LAT 320.03  51.09 116.22 108.54 chi    -2.08 0.18 0.14  1.56 5.96E-06 0.60E-06 1.87E-05 0.19E-05
GRB090809B GBM 209.30  -6.69  89.96  87.26 chi    -1.72 0.40 0.22  1.51 1.14E-05 0.11E-05 7.16E-05 0.72E-05
GRB090814C GBM 103.38   2.32 154.07 201.26 cstat  -3.16 0.87 0.49  1.08 4.10E-06 0.41E-06 1.41E-06 0.14E-06
GRB090820A GBM 182.20   0.01 130.08 183.47 chi    -3.38 0.26 0.22  1.74 4.56E-06 0.46E-06 2.40E-05 0.24E-05
GRB090823A XRT 155.95  35.99 141.40 164.12 chi    -1.58 0.08 0.08  1.29 7.36E-06 0.74E-06 1.51E-05 0.15E-05
GRB090828A GBM 245.93   5.29  71.53  42.48 chi    -1.57 0.43 0.30  1.36 2.18E-06 0.22E-06 8.22E-06 0.82E-06
GRB090922A GBM 124.12  11.47 116.58 191.72 chi    -1.42 0.24 0.28  1.07 2.28E-06 0.23E-06 1.18E-05 0.12E-05
GRB091003A XRT  59.35  40.06  66.59 166.07 chi    -1.69 0.15 0.13  1.36 4.00E-06 0.40E-06 3.90E-05 0.39E-05
GRB091010A XRT  18.64 -23.49   8.76 331.93 cstat  -3.21 1.41 0.81  1.04 8.18E-07 0.82E-07 1.52E-06 0.15E-06
GRB091012A GBM 125.99  27.41 116.28 179.61 cstat  -3.31 0.82 0.50  1.28 4.62E-06 0.46E-06 2.29E-06 0.23E-06
GRB091109B XRT 265.93 -16.25 143.82 177.30 cstat  -2.32 0.24 0.18  1.12 1.79E-05 0.18E-05 8.58E-07 0.86E-07
GRB091120A LAT 340.20  31.09  82.00 109.76 chi    -1.65 0.30 0.23  1.18 3.96E-06 0.40E-06 7.10E-06 0.71E-06
GRB100119A BAT 345.11 -31.07 102.81  30.15 chi    -2.36 0.62 0.46  1.58 2.20E-06 0.22E-06 2.93E-05 0.29E-05
GRB100212B GBM 192.19  39.46  73.55 252.13 chi    -1.19 0.26 0.33  1.19 2.76E-06 0.28E-06 1.16E-05 0.12E-05
GRB100223A GBM 210.38   3.14  41.58 260.41 cstat  -2.47 0.35 0.27  0.77 6.30E-06 0.63E-06 2.77E-07 0.28E-07
GRB100326A GBM 251.18   9.07  36.89 312.73 cstat  -2.22 0.98 0.52  0.77 2.52E-06 0.25E-06 8.67E-07 0.87E-07
GRB100423B LAT 215.43  17.58 142.75 302.60 chi    -1.51 0.05 0.05  1.43 7.76E-06 0.78E-06 1.27E-04 0.13E-04
GRB100511A LAT 220.01   3.58 114.03 148.82 chi    -1.79 0.19 0.15  1.33 6.12E-06 0.61E-06 4.39E-05 0.44E-05
GRB100528A XRT  70.82  -9.20  12.52  20.83 chi    -2.15 0.32 0.21  1.04 1.34E-06 0.13E-06 9.97E-06 1.00E-06
GRB100612A GBM 179.71 -26.08  71.05  66.50 cstat  -2.82 0.95 0.51  1.49 2.94E-06 0.29E-06 6.58E-07 0.66E-07
GRB100612B GBM  81.09 -57.76 152.00 269.71 pgstat -2.50 0.74 0.45  1.29 1.11E-06 0.11E-06 2.03E-06 0.20E-06
GRB100713B GBM 191.48 -11.85 119.13 254.77 chi    -2.24 0.08 0.08  0.99 1.56E-05 0.16E-05 1.25E-05 0.12E-05
GRB100717A GBM  34.26  -4.04  76.13 261.80 cstat  -2.30 1.08 0.44  2.06 3.82E-06 0.38E-06 2.50E-06 0.25E-06
GRB100724B BAT 138.66  30.32  63.96  60.61 chi    -2.10 0.06 0.06  1.67 4.98E-06 0.50E-06 1.81E-04 0.18E-04
GRB100725A XRT 275.49  30.52  91.46 249.00 chi    -2.17 0.66 0.43  1.28 2.00E-06 0.20E-06 1.59E-05 0.16E-05
GRB100811A GBM  88.39 -39.66  47.34 322.93 cstat  -2.36 0.21 0.17  0.80 9.62E-06 0.96E-06 2.00E-06 0.20E-06
GRB100827A GBM 122.47  45.23  25.90  26.81 cstat  -3.09 1.26 0.67  0.43 4.42E-06 0.44E-06 2.83E-07 0.28E-07
GRB100906A XRT 131.84  -6.14  21.02 339.70 chi    -2.15 0.62 0.29  0.95 1.05E-06 0.11E-06 1.32E-05 0.13E-05
GRB100915B BAT 182.80  -2.80 157.83 188.94 chi    -2.71 0.20 0.18  1.73 2.28E-06 0.23E-06 4.67E-05 0.47E-05
GRB101021A GBM  47.81 -78.65 128.50 235.86 chi    -1.89 0.37 0.24  0.89 1.71E-06 0.17E-06 1.66E-05 0.17E-05
GRB101023A BAT 328.89 -38.88  68.88 282.93 chi    -1.43 0.05 0.05  1.30 1.16E-05 0.12E-05 1.07E-04 0.11E-04
GRB101123A LAT 221.41  27.85 101.17 102.36 chi    -1.58 0.02 0.02  1.67 1.61E-05 0.16E-05 9.00E-04 0.90E-04
GRB101202A GBM  87.50  37.82 147.81 175.96 cstat  -1.87 0.51 0.29  0.84 5.14E-06 0.51E-06 9.45E-07 0.94E-07
GRB101204B GBM 124.05  61.45  62.93 264.38 cstat  -3.08 5.66 2.35  0.52 2.10E-06 0.21E-06 9.25E-08 0.93E-08
GRB101219A XRT 201.60 -26.19 100.03 265.97 cstat  -3.36 5.02 0.94  1.63 2.72E-06 0.27E-06 7.81E-07 0.78E-07
GRB101227C GBM 277.05   4.80 153.06 243.50 chi    -1.77 0.10 0.10  0.97 7.80E-06 0.78E-06 6.99E-06 0.70E-06
GRB110201A XRT 124.23  27.91 154.13 179.98 chi    -1.70 0.10 0.10  1.41 6.04E-06 0.60E-06 1.16E-05 0.12E-05
GRB110207A BAT 121.82 -73.66 136.36 109.00 chi    -1.72 0.06 0.06  1.16 9.32E-06 0.93E-06 2.15E-05 0.21E-05
GRB110212B GBM 319.31 -33.56  28.36   0.77 cstat  -3.98 4.52 1.47  0.42 3.44E-06 0.34E-06 2.76E-08 0.28E-08
GRB110401A GBM  52.18  23.71 156.87 182.89 pgstat -2.41 0.31 0.24  1.90 5.90E-06 0.59E-06 2.17E-06 0.22E-06
GRB110402A XRT 119.05  55.74 142.44 205.68 cstat  -2.17 0.19 0.15  0.79 5.32E-06 0.53E-06 6.47E-06 0.65E-06
GRB110521B GBM 275.83 -44.24 164.24 183.08 cstat  -2.34 0.67 0.35  0.79 2.12E-06 0.21E-06 3.53E-06 0.35E-06
GRB110522C GBM 289.56  34.78  99.78 141.70 chi    -2.03 1.01 0.36  1.04 3.32E-06 0.33E-06 6.48E-06 0.65E-06
GRB110526A GBM 227.47  -7.73 142.68 181.42 cstat  -3.07 1.23 0.59  0.85 2.68E-06 0.27E-06 5.77E-07 0.58E-07
GRB110529A LAT 147.88  30.78 139.44 312.58 cstat  -2.50 0.46 0.31  1.02 5.94E-06 0.59E-06 1.71E-06 0.17E-06
GRB110601A GBM  56.94 -18.46 115.59  97.15 chi    -1.69 0.64 0.33  0.86 1.51E-06 0.15E-06 1.74E-05 0.17E-05
GRB110705A GBM 180.26  56.99  44.28  91.56 cstat  -2.44 0.15 0.13  1.10 1.37E-05 0.14E-05 1.20E-06 0.12E-06
GRB110708B IPN 288.67   9.80 172.69 163.07 chi    -1.80 0.03 0.03  1.18 1.29E-05 0.13E-05 3.03E-04 0.30E-04
GRB110715A XRT 332.30   6.16  58.77  58.94 cstat  -2.53 6.71 1.04  1.91 1.08E-06 0.11E-06 7.44E-07 0.74E-07
GRB110720A GBM 307.30  18.39 157.18 189.25 chi    -1.78 0.33 0.26  1.02 2.34E-06 0.23E-06 2.04E-05 0.20E-05
GRB110721A BAT   3.48 -55.44  63.31 150.03 chi    -2.08 0.05 0.05  1.52 1.07E-05 0.11E-05 4.47E-05 0.45E-05
GRB110722A GBM 350.59  59.39 117.66  69.35 chi    -3.48 1.12 0.54  1.13 7.20E-07 0.72E-07 6.63E-06 0.66E-06
GRB110802A XRT 151.62 -23.14 168.03 235.04 cstat  -2.30 0.11 0.10  1.06 2.58E-05 0.26E-05 1.08E-05 0.11E-05
GRB110815A BAT 176.51   1.03  49.72   0.61 chi    -1.99 0.12 0.13  2.14 7.84E-06 0.78E-06 9.03E-06 0.90E-06
GRB110820B IPN 283.36   2.82 156.93 145.93 chi    -1.86 0.18 0.18  2.76 4.22E-06 0.42E-06 3.29E-04 0.33E-04
GRB110824A GBM 239.35  43.15  82.42  83.50 chi    -1.77 0.07 0.07  1.55 4.04E-05 0.40E-05 1.37E-04 0.14E-04
GRB110825A BAT 162.95 -37.32 131.27 246.96 chi    -1.73 0.04 0.04  1.27 8.60E-06 0.86E-06 5.61E-05 0.56E-05
GRB110903A XRT 118.87  58.00 118.60 152.12 chi    -2.05 0.55 0.36  1.04 1.94E-06 0.19E-06 6.59E-06 0.66E-06
GRB111003A GBM 332.61 -21.09 115.91 199.93 chi    -2.64 0.64 0.41  0.90 2.44E-06 0.24E-06 8.40E-06 0.84E-06
GRB111017A GBM 109.41 -69.38  73.07 278.34 chi    -2.40 0.28 0.22  0.85 1.72E-06 0.17E-06 1.08E-05 0.11E-05
GRB111103C GBM 309.66  19.26  57.01  81.76 cstat  -2.19 0.53 0.43  0.78 4.42E-06 0.44E-06 8.13E-07 0.81E-07
GRB111113A IPN 359.84  50.10  89.20  88.84 cstat  -2.87 0.52 0.37  1.12 1.39E-05 0.14E-05 6.66E-07 0.67E-07
GRB111221A GBM 344.23 -86.45 116.73 102.38 pgstat -2.35 0.15 0.13  1.22 5.24E-06 0.52E-06 1.00E-06 0.10E-06
GRB111222A XRT 124.95  51.25 154.20 163.83 pgstat -2.87 0.26 0.23  1.64 5.64E-06 0.56E-06 7.22E-07 0.72E-07
GRB120119B GBM 280.08  -8.30 115.89 325.01 chi    -1.58 0.09 0.09  1.20 9.58E-06 0.96E-06 7.30E-05 0.73E-05
GRB120129A GBM 131.82  -2.37 125.27   0.50 chi    -3.31 0.20 0.18  1.48 5.62E-06 0.56E-06 8.27E-06 0.83E-06
GRB120206A GBM 150.46   9.18 149.32 182.31 cstat  -3.25 1.14 0.62  1.42 2.38E-06 0.24E-06 2.05E-06 0.20E-06
GRB120226B GBM 160.07  12.58 165.04 175.23 chi    -1.82 0.11 0.10  1.38 6.26E-06 0.63E-06 3.37E-05 0.34E-05
GRB120305A XRT 156.48 -25.20  18.59 109.19 cstat  -2.60 0.46 0.33  0.77 8.20E-06 0.82E-06 6.56E-08 0.66E-08
GRB120308B GBM 133.08  -6.23  67.21  27.70 chi    -1.67 0.19 0.15  1.13 3.24E-06 0.32E-06 1.12E-05 0.11E-05
GRB120328B LAT  33.12  57.83  87.83 273.79 chi    -1.98 0.18 0.15  1.54 1.05E-05 0.11E-05 1.43E-04 0.14E-04
GRB120427A GBM  44.97  61.74  97.22 227.93 cstat  -2.43 2.44 2.44  2.18 1.35E-06 0.14E-06 2.37E-07 0.24E-07
GRB120512A ISG  68.48 -28.62  40.86  10.00 chi    -2.78 0.87 0.47  1.12 4.54E-07 0.45E-07 4.15E-06 0.42E-06
GRB120519A GBM 229.51  76.03  31.94  66.42 chi    -1.59 0.10 0.10  1.01 5.28E-06 0.53E-06 9.11E-06 0.91E-06
GRB120612C GBM 245.32 -65.08  58.13  45.97 cstat  -2.40 1.22 0.51  0.82 2.40E-06 0.24E-06 3.08E-07 0.31E-07
GRB120707A GBM   6.01 -21.35  80.95  51.94 chi    -2.05 1.11 0.51  1.31 1.04E-06 0.10E-06 1.31E-05 0.13E-05
GRB120911B LAT 285.16  22.47  77.12  58.01 chi    -2.21 0.05 0.04  1.47 1.10E-05 0.11E-05 8.15E-05 0.82E-05
GRB120919A BAT 318.59  14.62 131.52 155.15 chi    -1.93 1.05 0.29  1.18 2.76E-06 0.28E-06 7.34E-06 0.73E-06
GRB121011B IPN 145.80  71.19  57.33  71.07 cstat  -2.42 0.56 0.35  0.95 3.98E-06 0.40E-06 1.91E-07 0.19E-07
GRB121023A GBM  43.94 -29.46  27.51 284.71 cstat  -2.25 0.78 0.39  1.45 3.06E-06 0.31E-06 4.90E-07 0.49E-07
GRB121123B LAT 189.47 -71.75  70.31  46.73 chi    -2.57 1.22 0.57  0.92 6.62E-07 0.66E-07 5.93E-06 0.59E-06
GRB121127A GBM 292.87   9.17  85.46   5.80 cstat  -2.35 0.77 0.45  1.06 7.38E-06 0.74E-06 1.42E-06 0.14E-06
GRB130228B GBM 327.99  -1.95 157.85 210.72 cstat  -2.28 0.26 0.19  0.83 8.62E-06 0.86E-06 5.79E-06 0.58E-06
GRB130304A GBM 161.82  19.31 125.53 356.06 chi    -1.64 0.03 0.03  1.57 1.26E-05 0.13E-05 1.45E-04 0.14E-04
GRB130306A XRT  21.00  -2.33  41.23 148.04 chi    -2.52 0.24 0.20  0.88 7.42E-07 0.74E-07 1.97E-05 0.20E-05
GRB130307A GBM 211.70  56.47  69.05 264.62 cstat  -1.94 0.42 0.28  1.93 4.60E-06 0.46E-06 4.27E-06 0.43E-06
GRB130320A IPN 302.68  48.40  93.39 245.98 chi    -1.43 0.10 0.10  1.78 3.04E-05 0.30E-05 8.38E-05 0.84E-05
GRB130327B LAT 311.58  -8.23  29.15 317.22 chi    -1.54 0.03 0.03  1.99 7.72E-06 0.77E-06 1.50E-04 0.15E-04
GRB130408A XRT 256.21   8.58 125.28 200.95 chi    -1.98 0.37 0.26  1.13 2.20E-06 0.22E-06 6.66E-06 0.67E-06
GRB130416B GBM 207.03 -53.67 117.86 151.85 cstat  -2.78 1.34 0.56  0.82 3.84E-06 0.38E-06 5.68E-07 0.57E-07
GRB130427A LAT 206.51  72.50 148.66 286.12 chi    -2.56 0.15 0.02 14.23 6.58E-05 0.66E-05 3.11E-04 0.31E-04
GRB130502B LAT 138.65  15.12 124.86  18.88 chi    -1.58 0.05 0.05  1.83 1.12E-05 0.11E-05 1.41E-04 0.14E-04
GRB130518C GBM  32.35  -7.99  78.05  89.71 cstat  -2.07 0.21 0.17  1.20 8.02E-06 0.80E-06 3.72E-06 0.37E-06
GRB130606B LAT 332.22  34.86 121.26 242.85 chi    -2.21 0.08 0.07  0.86 7.98E-06 0.80E-06 1.47E-04 0.15E-04
GRB130804A GBM 314.23 -30.37  84.92 345.55 cstat  -2.56 1.36 0.62  0.78 6.54E-06 0.65E-06 1.31E-06 0.13E-06
GRB130828A LAT  50.93  31.53   5.42  86.39 chi    -2.32 0.71 0.41  1.08 6.38E-07 0.64E-07 1.21E-05 0.12E-05
GRB131028A GBM 137.02  14.24 115.19 182.50 chi    -2.28 0.01 0.05  2.22 1.72E-05 0.17E-05 8.71E-05 0.87E-05
GRB131108A LAT 232.93  51.55  40.83  75.60 chi    -1.60 0.04 0.04  1.80 7.60E-06 0.76E-06 1.05E-04 0.11E-04
GRB131122B GBM  57.26  31.30  79.07 183.61 chi    -1.70 0.63 0.33  0.86 2.60E-06 0.26E-06 3.98E-06 0.40E-06
GRB131215B GBM 147.15  25.50 133.95 179.18 chi    -1.52 0.17 0.18  2.30 4.82E-06 0.48E-06 3.46E-05 0.35E-05
GRB140428B GBM 118.90   5.64  38.89   4.29 cstat  -2.18 1.59 0.60  0.91 2.46E-06 0.25E-06 1.87E-07 0.19E-07
GRB140508A XRT  72.60  37.67 118.93 187.29 chi    -2.58 0.30 0.24  1.10 1.75E-06 0.18E-06 2.19E-05 0.22E-05
GRB140523A LAT 200.95  36.95 131.04 270.60 chi    -1.83 0.05 0.05  1.50 8.86E-06 0.89E-06 3.46E-05 0.35E-05
GRB140604A IPN 348.87  -3.85  96.77 179.17 cstat  -2.27 0.41 0.28  1.10 1.31E-05 0.13E-05 4.84E-06 0.48E-06
GRB140611A XRT 352.71 -67.02  48.55  78.75 cstat  -2.06 0.07 0.06  1.63 1.87E-05 0.19E-05 5.98E-06 0.60E-06
GRB140619B LAT 236.49  21.09  30.47  11.80 cstat  -2.39 0.30 0.23  1.09 3.54E-06 0.35E-06 8.50E-07 0.85E-07
GRB140621A GBM 185.17 -18.04 106.93 261.23 chi    -1.61 0.08 0.08  1.37 1.21E-05 0.12E-05 3.65E-05 0.36E-05
GRB140721A GBM 289.84  23.59  10.56  34.59 chi    -1.61 0.22 0.18  1.04 1.74E-06 0.17E-06 6.45E-06 0.65E-06
GRB140821A GBM 248.08  68.27  92.05  73.04 chi    -2.06 0.46 0.32  0.94 3.00E-06 0.30E-06 2.91E-05 0.29E-05
GRB140901A GBM 279.15 -83.82  62.23 209.17 cstat  -2.30 0.11 0.11  1.47 2.66E-05 0.27E-05 1.49E-06 0.15E-06
GRB140906C IPN  50.76 -27.21  61.40 269.94 cstat  -2.59 1.14 0.53  0.91 2.98E-06 0.30E-06 3.10E-07 0.31E-07
GRB140917A GBM 227.20  69.25  80.35  60.29 chi    -1.50 0.05 0.05  1.55 1.24E-05 0.12E-05 1.08E-04 0.11E-04
GRB140930B XRT 115.37 -38.19 113.01 247.31 cstat  -2.32 0.16 0.14  0.97 1.05E-05 0.11E-05 4.35E-06 0.43E-06
GRB141012A LAT 347.17 -22.85   9.14 352.60 chi    -2.32 0.74 0.43  0.99 4.78E-07 0.48E-07 5.76E-06 0.58E-06
GRB141104A IPN  20.10  -2.82 120.18 276.72 chi    -2.33 1.02 0.36  1.78 3.24E-06 0.32E-06 1.79E-05 0.18E-05
GRB141202A GBM 162.08  44.91 129.90 147.54 cstat  -3.05 0.82 0.51  0.96 1.36E-06 0.14E-06 5.22E-07 0.52E-07
GRB141222A LAT 294.97   4.60 130.05 327.17 cstat  -2.06 0.21 0.14  1.07 8.24E-06 0.82E-06 3.43E-06 0.34E-06
GRB150127A GBM  26.71  -6.33  69.26 215.35 chi    -1.53 0.05 0.05  1.72 1.27E-05 0.13E-05 1.27E-04 0.13E-04
GRB150222C GBM 287.06  13.87 119.36 220.15 chi    -2.11 0.27 0.21  1.17 2.38E-06 0.24E-06 1.26E-05 0.13E-05
GRB150319A GBM 116.79 -34.54 115.62 116.61 pgstat -3.79 3.05 1.02  0.97 4.56E-07 0.46E-07 1.25E-06 0.12E-06
GRB150320A GBM 144.33  38.21 161.01 215.63 cstat  -2.92 5.62 0.78  0.89 1.74E-06 0.17E-06 2.23E-07 0.22E-07
GRB150403A XRT 333.15 -36.93 143.56  41.36 chi    -2.34 0.07 0.07  1.48 7.80E-06 0.78E-06 4.24E-05 0.42E-05
GRB150423A XRT   9.72  59.28  68.16 339.95 cstat  -2.47 1.53 0.77  1.03 2.82E-06 0.28E-06 4.85E-07 0.48E-07
GRB150424A XRT 263.57  23.58 127.88 196.45 chi    -2.39 0.08 0.08  1.33 4.52E-05 0.45E-05 5.06E-06 0.51E-06
GRB150506B GBM 143.49  15.78 114.54   7.56 cstat  -3.27 1.59 0.69  0.73 7.06E-06 0.71E-06 8.48E-07 0.85E-07
GRB150510A LAT 129.13 -57.92  84.91  92.62 chi    -1.39 0.10 0.10  1.88 5.32E-05 0.53E-05 7.63E-04 0.76E-04
GRB150622B GBM  58.45  26.92  39.12   1.43 chi    -1.05 0.17 0.23  1.28 3.98E-06 0.40E-06 1.63E-04 0.16E-04
GRB150724B GBM  86.52 -53.02  59.61  84.67 chi    -1.74 0.24 0.18  0.93 6.84E-06 0.68E-06 4.95E-05 0.50E-05
GRB150729A GBM 357.24  57.05  96.33  78.44 chi    -2.61 0.89 0.50  0.60 2.42E-06 0.24E-06 7.92E-06 0.79E-06
GRB150811B GBM 293.42  48.27  36.70  77.85 cstat  -2.27 0.15 0.13  1.06 1.17E-05 0.12E-05 2.81E-06 0.28E-06
GRB150919A IPN 176.75  39.63  63.17  48.61 cstat  -2.34 0.47 0.34  0.99 6.34E-06 0.63E-06 5.07E-08 0.51E-08
GRB151006A XRT 140.92  39.66 158.63 160.34 chi    -1.99 0.13 0.11  1.39 6.06E-06 0.61E-06 2.75E-05 0.28E-05
GRB151107B GBM 131.26 -17.34 115.36 270.97 chi    -3.66 2.94 1.28  1.25 8.10E-07 0.81E-07 3.79E-06 0.38E-06
GRB151222A GBM 106.40 -26.46  38.54  82.32 cstat  -2.24 2.83 0.73  3.96 4.22E-06 0.42E-06 8.77E-07 0.88E-07
GRB151228A GBM 329.92  40.73 137.03 275.18 cstat  -3.63 4.60 1.12  3.00 1.79E-06 0.18E-06 7.60E-07 0.76E-07
GRB160118A GBM 125.38  -3.00 154.52 334.52 chi    -1.74 0.16 0.13  1.18 3.86E-06 0.39E-06 3.12E-05 0.31E-05
GRB160216A XRT 322.63 -34.64  66.22 246.22 chi    -1.37 0.10 0.10  1.22 5.96E-06 0.60E-06 1.17E-05 0.12E-05
GRB160612A GBM  31.94 -68.00  28.97 208.97 cstat  -2.28 0.73 0.42  1.03 7.70E-06 0.77E-06 9.54E-07 0.95E-07
GRB160724A GBM 172.39 -29.46  49.03 229.03 cstat  -3.24 2.47 1.33  1.74 2.00E-06 0.20E-06 4.64E-07 0.46E-07
GRB160804B GBM 168.66  33.04  62.07 242.07 cstat  -1.38 0.58 0.37  1.69 1.10E-05 0.11E-05 3.51E-06 0.35E-06
GRB160820A GBM 121.18 -37.92  70.97 250.97 cstat  -3.55 3.57 1.83  0.97 2.26E-06 0.23E-06 1.17E-07 0.12E-07
GRB160927A XRT  37.63  31.10 159.36 339.36 cstat  -1.95 0.59 0.33  0.82 5.80E-06 0.58E-06 1.21E-06 0.12E-06
GRB170127C LAT 323.93 -47.36  36.47 216.47 cstat  -2.60 0.15 0.14  1.29 1.52E-05 0.15E-05 9.72E-07 0.97E-07
GRB170219A GBM 148.44  -4.30   5.68 185.68 cstat  -1.88 0.35 0.23  1.09 8.78E-06 0.88E-06 1.40E-07 0.14E-07
GRB170416A GBM 339.24 -23.20 141.87 321.87 chi    -1.29 0.11 0.11  1.26 1.07E-05 0.11E-05 4.08E-05 0.41E-05
GRB170607A BAT 113.85 -53.24  61.33 241.33 chi    -1.26 0.22 0.21  1.05 7.44E-06 0.74E-06 2.21E-05 0.22E-05
GRB170711C GBM  46.59  11.43 128.38 308.38 cstat  -1.29 0.86 1.29  1.36 7.40E-06 0.74E-06 3.02E-06 0.30E-06
GRB170730B GBM  17.43 -47.20  99.99 279.99 cstat  -1.64 0.60 0.37  0.85 7.66E-06 0.77E-06 1.78E-06 0.18E-06
GRB170802A GBM 243.42 -55.17  80.03 260.03 cstat  -2.36 0.40 0.30  1.45 3.20E-06 0.32E-06 6.16E-07 0.62E-07
GRB170816A GBM  92.01 -44.67  70.84 250.84 pgstat -2.07 0.23 0.19  1.37 5.62E-06 0.56E-06 5.40E-07 0.54E-07
GRB170923A GBM 251.67  -2.77 125.00 305.00 pgstat -2.46 0.84 0.48  0.93 6.72E-07 0.67E-07 4.47E-06 0.45E-06
GRB171011B IPN 245.16  48.65  56.94  87.40 chi    -2.35 0.10 0.09  1.03 1.11E-05 0.11E-05 5.69E-06 0.57E-06
GRB171011A BAT 357.88  33.48  67.91  86.59 chi    -2.36 0.86 0.56  0.79 1.74E-06 0.17E-06 2.22E-06 0.22E-06
GRB171022A GBM 338.72  70.60  83.05  81.19 chi    -1.50 0.36 0.26  1.08 2.32E-05 0.23E-05 6.29E-05 0.63E-05
GRB171103A BAT   6.74  23.62  79.56  47.84 cstat  -1.88 0.25 0.20  1.23 7.42E-06 0.74E-06 5.94E-06 0.59E-06
GRB171209A XRT 257.67  13.00  45.46 112.77 chi    -1.53 0.20 0.17  1.32 3.54E-06 0.35E-06 7.70E-06 0.77E-06
GRB180128B GBM 206.42 -32.14  29.37  59.84 chi    -1.54 0.47 0.26  0.69 1.47E-06 0.15E-06 5.84E-06 0.58E-06
GRB180204A XRT  84.86 -19.12 109.38   5.62 cstat  -2.81 1.28 0.61  1.40 7.52E-06 0.75E-06 6.02E-07 0.60E-07
GRB180325A XRT 209.64  58.09 128.90 259.29 chi    -1.38 0.20 0.60  2.26 2.22E-05 0.22E-05 9.45E-05 0.94E-05
GRB180326A IPN  24.63 -13.90 109.87 131.19 cstat  -2.29 0.18 0.16  1.07 1.06E-05 0.11E-05 7.43E-06 0.74E-06
GRB180416B GBM 117.78  12.54 105.35 165.84 chi    -2.42 0.48 0.35  1.02 1.61E-06 0.16E-06 8.22E-06 0.82E-06
GRB180529A IPN 263.86 -24.64  42.31 357.98 chi    -2.00 0.16 0.14  1.04 5.94E-06 0.59E-06 4.56E-06 0.46E-06
GRB180615A GBM 131.31  18.30  85.30   5.36 chi    -1.94 1.82 0.84  0.97 3.78E-06 0.38E-06 5.58E-06 0.56E-06
GRB180618A XRT 131.29  41.77 135.61 201.28 cstat  -2.07 0.18 0.14  1.16 2.82E-05 0.28E-05 2.14E-06 0.21E-06
GRB180720A GBM 224.90  21.17  64.13  66.98 chi    -2.19 0.36 0.28  0.78 3.24E-06 0.32E-06 3.12E-06 0.31E-06
GRB180728A XRT 333.96  -6.51 143.46 175.63 chi    -2.28 0.81 0.50  1.15 2.68E-06 0.27E-06 6.97E-06 0.70E-06
GRB181225A GBM  65.26 -60.70 151.88 247.21 chi    -1.95 0.12 0.11  1.23 1.58E-05 0.16E-05 1.32E-05 0.13E-05
GRB181228A XRT 169.30 -36.04  70.83  89.40 chi    -1.38 0.56 0.36  1.13 3.54E-06 0.35E-06 2.22E-05 0.22E-05
GRB190103A IPN  35.66  35.41 119.31 137.56 chi    -2.61 0.11 0.10  1.16 8.48E-06 0.85E-06 1.44E-05 0.14E-05
GRB190114C XRT 222.47 -53.08  74.20  72.11 chi    -2.48 0.19 0.09  3.14 6.22E-05 0.62E-05 1.39E-04 0.14E-04
GRB190206A IPN  14.14 -38.34  71.74   3.86 chi    -2.13 0.18 0.02  3.46 6.66E-05 0.67E-05 7.99E-07 0.80E-07
GRB190222B GBM 152.03  44.54 128.23 214.90 chi    -2.86 0.76 0.50  1.15 1.47E-06 0.15E-06 4.33E-06 0.43E-06
GRB190305A XRT 305.35 -66.90  64.73  63.68 chi    -2.36 0.15 0.07  2.10 1.02E-02 0.10E-02 6.53E-03 0.65E-03
GRB190401A GBM  58.42  19.76  51.56  10.98 pgstat -2.15 0.53 0.33  0.86 9.90E-07 0.99E-07 4.57E-06 0.46E-06
GRB190404A GBM 162.53  32.41 139.26 334.47 chi    -1.96 0.56 0.36  0.93 3.26E-06 0.33E-06 2.40E-06 0.24E-06
GRB190515A GBM 196.72  41.79 165.30 293.87 chi    -1.50 0.08 0.07  1.35 2.52E-05 0.25E-05 1.69E-05 0.17E-05
GRB190604A GBM 102.11 -11.54  26.82  18.63 chi    -1.98 0.30 0.22  0.98 4.18E-06 0.42E-06 1.28E-05 0.13E-05
GRB190606A GBM 200.87 -23.58 102.51 268.93 cstat  -2.02 0.14 0.11  1.22 4.38E-05 0.44E-05 3.86E-06 0.39E-06
GRB190610B GBM  90.75  -8.81  47.66  39.60 chi    -1.24 0.05 0.05  1.74 1.85E-05 0.19E-05 4.49E-05 0.45E-05
GRB190706C IPN  99.54 -34.24 116.21 273.13 chi    -3.13 0.68 0.48  0.81 4.36E-06 0.44E-06 5.86E-06 0.59E-06
GRB190726A GBM  75.54  -4.67 147.80 182.39 chi    -1.58 0.18 0.15  1.26 4.16E-06 0.42E-06 2.60E-05 0.26E-05
GRB190810A GBM 150.31  88.45  69.63 115.99 cstat  -1.93 0.55 0.37  1.05 9.76E-06 0.98E-06 1.05E-06 0.11E-06
GRB191031D XRT  77.34  19.42  69.01  68.46 cstat  -2.22 0.44 0.30  1.48 2.56E-03 0.26E-03 4.11E-04 0.41E-04
GRB191129A GBM 115.70 -57.21  76.07 262.06 chi    -1.70 0.39 0.28  0.92 2.34E-06 0.23E-06 8.52E-06 0.85E-06
GRB191221B XRT 272.73  15.64  39.55  48.08 chi    -2.35 0.09 0.09  0.97 5.18E-06 0.52E-06 2.59E-05 0.26E-05
GRB200325A GBM 233.40 -72.95  53.63  48.99 cstat  -1.84 0.55 0.36  3.18 6.76E-06 0.68E-06 4.76E-06 0.48E-06
GRB200327A GBM   3.17  37.44  62.61 257.60 cstat  -3.02 2.43 0.67  0.92 3.72E-06 0.37E-06 1.49E-07 0.15E-07
GRB200521A IPN 250.62  60.23  71.96 263.81 pgstat -2.13 0.11 0.10  2.09 3.14E-05 0.31E-05 2.27E-06 0.23E-06
GRB200716C XRT  75.91  86.26 157.44 298.29 chi    -1.73 0.14 0.13  1.39 1.27E-05 0.13E-05 1.46E-05 0.15E-05
GRB200829A XRT 104.50  35.19  21.92  32.34 chi    -2.26 0.03 0.03  1.52 1.63E-05 0.16E-05 3.55E-05 0.35E-05
GRB200907A IPN 234.37  32.95 112.94  88.75 cstat  -2.75 0.87 0.47  1.15 2.96E-06 0.30E-06 1.89E-07 0.19E-07
GRB200920B GBM 230.83  56.86  75.09  80.41 cstat  -2.73 1.22 0.62  1.58 1.91E-06 0.19E-06 3.06E-07 0.31E-07
GRB201103B IPN 162.68 -41.51  92.65 148.12 chi    -2.15 0.69 0.50  1.09 8.04E-06 0.80E-06 1.57E-05 0.16E-05
GRB201104A GBM 282.00 -32.47 165.82 181.09 chi    -1.70 0.06 0.06  1.41 2.42E-05 0.24E-05 1.30E-04 0.13E-04
